,2014,2015,2016,2017,2018,2019,2020,2021,2022,2023,2024,2025,2026,2027,2028,2029,2030,2031,2032,2033,2034,2035,2036,2037,2038,2039,2040,2041,2042,2043,2044,2045,2046,2047,2048,2049,2050,2051,2052,2053,2054,2055,2056,2057,2058,2059,2060,2061,2062,2063,2064,2065,2066,2067,2068,2069,2070,2071,2072,2073,2074,2075,2076,2077,2078,2079,2080,2081,2082,2083,2084,2085,2086,2087,2088,2089,2090,2091,2092,2093,2094,2095,2096,2097,2098,2099,2100
1 Petrol Econ,0.0,0.0,0.0,0.0,0.0,0.0,0.0,0.0,0.0,0.0,0.0,0.0,0.0,0.0,0.0,0.0,0.0,0.0,0.0,0.0,0.0,0.0,0.0,0.0,0.0,0.0,0.0,0.0,0.0,0.0,0.0,0.0,0.0,0.0,0.0,0.0,0.0,0.0,0.0,0.0,0.0,0.0,0.0,0.0,0.0,0.0,0.0,0.0,0.0,0.0,0.0,0.0,0.0,0.0,0.0,0.0,0.0,0.0,0.0,0.0,0.0,0.0,0.0,0.0,0.0,0.0,0.0,0.0,0.0,0.0,0.0,0.0,0.0,0.0,0.0,0.0,0.0,0.0,0.0,0.0,0.0,0.0,0.0,0.0,0.0,0.0,0.0
2 Petrol  Mid,-0.299536,-0.299536,-0.299536,-0.299536,-0.299536,-0.299536,-0.299536,-0.299536,-0.299536,-0.299536,-0.299536,-0.299536,-0.299536,-0.299536,-0.299536,-0.299536,-0.299536,-0.299536,-0.299536,-0.299536,-0.299536,-0.299536,-0.299536,-0.299536,-0.299536,-0.299536,-0.299536,-0.299536,-0.299536,-0.299536,-0.299536,-0.299536,-0.299536,-0.299536,-0.299536,-0.299536,-0.299536,-0.299536,-0.299536,-0.299536,-0.299536,-0.299536,-0.299536,-0.299536,-0.299536,-0.299536,-0.299536,-0.299536,-0.299536,-0.299536,-0.299536,-0.299536,-0.299536,-0.299536,-0.299536,-0.299536,-0.299536,-0.299536,-0.299536,-0.299536,-0.299536,-0.299536,-0.299536,-0.299536,-0.299536,-0.299536,-0.299536,-0.299536,-0.299536,-0.299536,-0.299536,-0.299536,-0.299536,-0.299536,-0.299536,-0.299536,-0.299536,-0.299536,-0.299536,-0.299536,-0.299536,-0.299536,-0.299536,-0.299536,-0.299536,-0.299536,-0.299536
3 Petrol Lux,-0.6,-0.6,-0.6,-0.6,-0.6,-0.6,-0.6,-0.6,-0.6,-0.6,-0.6,-0.6,-0.6,-0.6,-0.6,-0.6,-0.6,-0.6,-0.6,-0.6,-0.6,-0.6,-0.6,-0.6,-0.6,-0.6,-0.6,-0.6,-0.6,-0.6,-0.6,-0.6,-0.6,-0.6,-0.6,-0.6,-0.6,-0.6,-0.6,-0.6,-0.6,-0.6,-0.6,-0.6,-0.6,-0.6,-0.6,-0.6,-0.6,-0.6,-0.6,-0.6,-0.6,-0.6,-0.6,-0.6,-0.6,-0.6,-0.6,-0.6,-0.6,-0.6,-0.6,-0.6,-0.6,-0.6,-0.6,-0.6,-0.6,-0.6,-0.6,-0.6,-0.6,-0.6,-0.6,-0.6,-0.6,-0.6,-0.6,-0.6,-0.6,-0.6,-0.6,-0.6,-0.6,-0.6,-0.6
4 Adv Petrol Econ,0.0,0.0,0.0,0.0,0.0,0.0,0.0,0.0,0.0,0.0,0.0,0.0,0.0,0.0,0.0,0.0,0.0,0.0,0.0,0.0,0.0,0.0,0.0,0.0,0.0,0.0,0.0,0.0,0.0,0.0,0.0,0.0,0.0,0.0,0.0,0.0,0.0,0.0,0.0,0.0,0.0,0.0,0.0,0.0,0.0,0.0,0.0,0.0,0.0,0.0,0.0,0.0,0.0,0.0,0.0,0.0,0.0,0.0,0.0,0.0,0.0,0.0,0.0,0.0,0.0,0.0,0.0,0.0,0.0,0.0,0.0,0.0,0.0,0.0,0.0,0.0,0.0,0.0,0.0,0.0,0.0,0.0,0.0,0.0,0.0,0.0,0.0
5 Adv Petrol Mid,-0.299536,-0.299536,-0.299536,-0.299536,-0.299536,-0.299536,-0.299536,-0.299536,-0.299536,-0.299536,-0.299536,-0.299536,-0.299536,-0.299536,-0.299536,-0.299536,-0.299536,-0.299536,-0.299536,-0.299536,-0.299536,-0.299536,-0.299536,-0.299536,-0.299536,-0.299536,-0.299536,-0.299536,-0.299536,-0.299536,-0.299536,-0.299536,-0.299536,-0.299536,-0.299536,-0.299536,-0.299536,-0.299536,-0.299536,-0.299536,-0.299536,-0.299536,-0.299536,-0.299536,-0.299536,-0.299536,-0.299536,-0.299536,-0.299536,-0.299536,-0.299536,-0.299536,-0.299536,-0.299536,-0.299536,-0.299536,-0.299536,-0.299536,-0.299536,-0.299536,-0.299536,-0.299536,-0.299536,-0.299536,-0.299536,-0.299536,-0.299536,-0.299536,-0.299536,-0.299536,-0.299536,-0.299536,-0.299536,-0.299536,-0.299536,-0.299536,-0.299536,-0.299536,-0.299536,-0.299536,-0.299536,-0.299536,-0.299536,-0.299536,-0.299536,-0.299536,-0.299536
6 Adv Petrol Lux,-0.6,-0.6,-0.6,-0.6,-0.6,-0.6,-0.6,-0.6,-0.6,-0.6,-0.6,-0.6,-0.6,-0.6,-0.6,-0.6,-0.6,-0.6,-0.6,-0.6,-0.6,-0.6,-0.6,-0.6,-0.6,-0.6,-0.6,-0.6,-0.6,-0.6,-0.6,-0.6,-0.6,-0.6,-0.6,-0.6,-0.6,-0.6,-0.6,-0.6,-0.6,-0.6,-0.6,-0.6,-0.6,-0.6,-0.6,-0.6,-0.6,-0.6,-0.6,-0.6,-0.6,-0.6,-0.6,-0.6,-0.6,-0.6,-0.6,-0.6,-0.6,-0.6,-0.6,-0.6,-0.6,-0.6,-0.6,-0.6,-0.6,-0.6,-0.6,-0.6,-0.6,-0.6,-0.6,-0.6,-0.6,-0.6,-0.6,-0.6,-0.6,-0.6,-0.6,-0.6,-0.6,-0.6,-0.6
7 Diesel Econ,0.0,0.0,0.0,0.0,0.0,0.0,0.0,0.0,0.0,0.0,0.0,0.0,0.0,0.0,0.0,0.0,0.0,0.0,0.0,0.0,0.0,0.0,0.0,0.0,0.0,0.0,0.0,0.0,0.0,0.0,0.0,0.0,0.0,0.0,0.0,0.0,0.0,0.0,0.0,0.0,0.0,0.0,0.0,0.0,0.0,0.0,0.0,0.0,0.0,0.0,0.0,0.0,0.0,0.0,0.0,0.0,0.0,0.0,0.0,0.0,0.0,0.0,0.0,0.0,0.0,0.0,0.0,0.0,0.0,0.0,0.0,0.0,0.0,0.0,0.0,0.0,0.0,0.0,0.0,0.0,0.0,0.0,0.0,0.0,0.0,0.0,0.0
8 Diesel Mid,-0.3215520000000001,-0.3215520000000001,-0.3215520000000001,-0.3215520000000001,-0.3215520000000001,-0.3215520000000001,-0.3215520000000001,-0.3215520000000001,-0.3215520000000001,-0.3215520000000001,-0.3215520000000001,-0.3215520000000001,-0.3215520000000001,-0.3215520000000001,-0.3215520000000001,-0.3215520000000001,-0.3215520000000001,-0.3215520000000001,-0.3215520000000001,-0.3215520000000001,-0.3215520000000001,-0.3215520000000001,-0.3215520000000001,-0.3215520000000001,-0.3215520000000001,-0.3215520000000001,-0.3215520000000001,-0.3215520000000001,-0.3215520000000001,-0.3215520000000001,-0.3215520000000001,-0.3215520000000001,-0.3215520000000001,-0.3215520000000001,-0.3215520000000001,-0.3215520000000001,-0.3215520000000001,-0.3215520000000001,-0.3215520000000001,-0.3215520000000001,-0.3215520000000001,-0.3215520000000001,-0.3215520000000001,-0.3215520000000001,-0.3215520000000001,-0.3215520000000001,-0.3215520000000001,-0.3215520000000001,-0.3215520000000001,-0.3215520000000001,-0.3215520000000001,-0.3215520000000001,-0.3215520000000001,-0.3215520000000001,-0.3215520000000001,-0.3215520000000001,-0.3215520000000001,-0.3215520000000001,-0.3215520000000001,-0.3215520000000001,-0.3215520000000001,-0.3215520000000001,-0.3215520000000001,-0.3215520000000001,-0.3215520000000001,-0.3215520000000001,-0.3215520000000001,-0.3215520000000001,-0.3215520000000001,-0.3215520000000001,-0.3215520000000001,-0.3215520000000001,-0.3215520000000001,-0.3215520000000001,-0.3215520000000001,-0.3215520000000001,-0.3215520000000001,-0.3215520000000001,-0.3215520000000001,-0.3215520000000001,-0.3215520000000001,-0.3215520000000001,-0.3215520000000001,-0.3215520000000001,-0.3215520000000001,-0.3215520000000001,-0.3215520000000001
9 Diesel Lux,-0.8446520000000001,-0.8446520000000001,-0.8446520000000001,-0.8446520000000001,-0.8446520000000001,-0.8446520000000001,-0.8446520000000001,-0.8446520000000001,-0.8446520000000001,-0.8446520000000001,-0.8446520000000001,-0.8446520000000001,-0.8446520000000001,-0.8446520000000001,-0.8446520000000001,-0.8446520000000001,-0.8446520000000001,-0.8446520000000001,-0.8446520000000001,-0.8446520000000001,-0.8446520000000001,-0.8446520000000001,-0.8446520000000001,-0.8446520000000001,-0.8446520000000001,-0.8446520000000001,-0.8446520000000001,-0.8446520000000001,-0.8446520000000001,-0.8446520000000001,-0.8446520000000001,-0.8446520000000001,-0.8446520000000001,-0.8446520000000001,-0.8446520000000001,-0.8446520000000001,-0.8446520000000001,-0.8446520000000001,-0.8446520000000001,-0.8446520000000001,-0.8446520000000001,-0.8446520000000001,-0.8446520000000001,-0.8446520000000001,-0.8446520000000001,-0.8446520000000001,-0.8446520000000001,-0.8446520000000001,-0.8446520000000001,-0.8446520000000001,-0.8446520000000001,-0.8446520000000001,-0.8446520000000001,-0.8446520000000001,-0.8446520000000001,-0.8446520000000001,-0.8446520000000001,-0.8446520000000001,-0.8446520000000001,-0.8446520000000001,-0.8446520000000001,-0.8446520000000001,-0.8446520000000001,-0.8446520000000001,-0.8446520000000001,-0.8446520000000001,-0.8446520000000001,-0.8446520000000001,-0.8446520000000001,-0.8446520000000001,-0.8446520000000001,-0.8446520000000001,-0.8446520000000001,-0.8446520000000001,-0.8446520000000001,-0.8446520000000001,-0.8446520000000001,-0.8446520000000001,-0.8446520000000001,-0.8446520000000001,-0.8446520000000001,-0.8446520000000001,-0.8446520000000001,-0.8446520000000001,-0.8446520000000001,-0.8446520000000001,-0.8446520000000001
10 Adv Diesel Econ,0.0,0.0,0.0,0.0,0.0,0.0,0.0,0.0,0.0,0.0,0.0,0.0,0.0,0.0,0.0,0.0,0.0,0.0,0.0,0.0,0.0,0.0,0.0,0.0,0.0,0.0,0.0,0.0,0.0,0.0,0.0,0.0,0.0,0.0,0.0,0.0,0.0,0.0,0.0,0.0,0.0,0.0,0.0,0.0,0.0,0.0,0.0,0.0,0.0,0.0,0.0,0.0,0.0,0.0,0.0,0.0,0.0,0.0,0.0,0.0,0.0,0.0,0.0,0.0,0.0,0.0,0.0,0.0,0.0,0.0,0.0,0.0,0.0,0.0,0.0,0.0,0.0,0.0,0.0,0.0,0.0,0.0,0.0,0.0,0.0,0.0,0.0
11 Adv Diesel Mid,-0.3215520000000001,-0.3215520000000001,-0.3215520000000001,-0.3215520000000001,-0.3215520000000001,-0.3215520000000001,-0.3215520000000001,-0.3215520000000001,-0.3215520000000001,-0.3215520000000001,-0.3215520000000001,-0.3215520000000001,-0.3215520000000001,-0.3215520000000001,-0.3215520000000001,-0.3215520000000001,-0.3215520000000001,-0.3215520000000001,-0.3215520000000001,-0.3215520000000001,-0.3215520000000001,-0.3215520000000001,-0.3215520000000001,-0.3215520000000001,-0.3215520000000001,-0.3215520000000001,-0.3215520000000001,-0.3215520000000001,-0.3215520000000001,-0.3215520000000001,-0.3215520000000001,-0.3215520000000001,-0.3215520000000001,-0.3215520000000001,-0.3215520000000001,-0.3215520000000001,-0.3215520000000001,-0.3215520000000001,-0.3215520000000001,-0.3215520000000001,-0.3215520000000001,-0.3215520000000001,-0.3215520000000001,-0.3215520000000001,-0.3215520000000001,-0.3215520000000001,-0.3215520000000001,-0.3215520000000001,-0.3215520000000001,-0.3215520000000001,-0.3215520000000001,-0.3215520000000001,-0.3215520000000001,-0.3215520000000001,-0.3215520000000001,-0.3215520000000001,-0.3215520000000001,-0.3215520000000001,-0.3215520000000001,-0.3215520000000001,-0.3215520000000001,-0.3215520000000001,-0.3215520000000001,-0.3215520000000001,-0.3215520000000001,-0.3215520000000001,-0.3215520000000001,-0.3215520000000001,-0.3215520000000001,-0.3215520000000001,-0.3215520000000001,-0.3215520000000001,-0.3215520000000001,-0.3215520000000001,-0.3215520000000001,-0.3215520000000001,-0.3215520000000001,-0.3215520000000001,-0.3215520000000001,-0.3215520000000001,-0.3215520000000001,-0.3215520000000001,-0.3215520000000001,-0.3215520000000001,-0.3215520000000001,-0.3215520000000001,-0.3215520000000001
12 Adv Diesel Lux,-0.8446520000000001,-0.8446520000000001,-0.8446520000000001,-0.8446520000000001,-0.8446520000000001,-0.8446520000000001,-0.8446520000000001,-0.8446520000000001,-0.8446520000000001,-0.8446520000000001,-0.8446520000000001,-0.8446520000000001,-0.8446520000000001,-0.8446520000000001,-0.8446520000000001,-0.8446520000000001,-0.8446520000000001,-0.8446520000000001,-0.8446520000000001,-0.8446520000000001,-0.8446520000000001,-0.8446520000000001,-0.8446520000000001,-0.8446520000000001,-0.8446520000000001,-0.8446520000000001,-0.8446520000000001,-0.8446520000000001,-0.8446520000000001,-0.8446520000000001,-0.8446520000000001,-0.8446520000000001,-0.8446520000000001,-0.8446520000000001,-0.8446520000000001,-0.8446520000000001,-0.8446520000000001,-0.8446520000000001,-0.8446520000000001,-0.8446520000000001,-0.8446520000000001,-0.8446520000000001,-0.8446520000000001,-0.8446520000000001,-0.8446520000000001,-0.8446520000000001,-0.8446520000000001,-0.8446520000000001,-0.8446520000000001,-0.8446520000000001,-0.8446520000000001,-0.8446520000000001,-0.8446520000000001,-0.8446520000000001,-0.8446520000000001,-0.8446520000000001,-0.8446520000000001,-0.8446520000000001,-0.8446520000000001,-0.8446520000000001,-0.8446520000000001,-0.8446520000000001,-0.8446520000000001,-0.8446520000000001,-0.8446520000000001,-0.8446520000000001,-0.8446520000000001,-0.8446520000000001,-0.8446520000000001,-0.8446520000000001,-0.8446520000000001,-0.8446520000000001,-0.8446520000000001,-0.8446520000000001,-0.8446520000000001,-0.8446520000000001,-0.8446520000000001,-0.8446520000000001,-0.8446520000000001,-0.8446520000000001,-0.8446520000000001,-0.8446520000000001,-0.8446520000000001,-0.8446520000000001,-0.8446520000000001,-0.8446520000000001,-0.8446520000000001
13 LPG Econ,-0.09054399999999996,-0.09054399999999996,-0.09054399999999996,-0.09054399999999996,-0.09054399999999996,-0.09054399999999996,-0.09054399999999996,-0.09054399999999996,-0.09054399999999996,-0.09054399999999996,-0.09054399999999996,-0.09054399999999996,-0.09054399999999996,-0.09054399999999996,-0.09054399999999996,-0.09054399999999996,-0.09054399999999996,-0.09054399999999996,-0.09054399999999996,-0.09054399999999996,-0.09054399999999996,-0.09054399999999996,-0.09054399999999996,-0.09054399999999996,-0.09054399999999996,-0.09054399999999996,-0.09054399999999996,-0.09054399999999996,-0.09054399999999996,-0.09054399999999996,-0.09054399999999996,-0.09054399999999996,-0.09054399999999996,-0.09054399999999996,-0.09054399999999996,-0.09054399999999996,-0.09054399999999996,-0.09054399999999996,-0.09054399999999996,-0.09054399999999996,-0.09054399999999996,-0.09054399999999996,-0.09054399999999996,-0.09054399999999996,-0.09054399999999996,-0.09054399999999996,-0.09054399999999996,-0.09054399999999996,-0.09054399999999996,-0.09054399999999996,-0.09054399999999996,-0.09054399999999996,-0.09054399999999996,-0.09054399999999996,-0.09054399999999996,-0.09054399999999996,-0.09054399999999996,-0.09054399999999996,-0.09054399999999996,-0.09054399999999996,-0.09054399999999996,-0.09054399999999996,-0.09054399999999996,-0.09054399999999996,-0.09054399999999996,-0.09054399999999996,-0.09054399999999996,-0.09054399999999996,-0.09054399999999996,-0.09054399999999996,-0.09054399999999996,-0.09054399999999996,-0.09054399999999996,-0.09054399999999996,-0.09054399999999996,-0.09054399999999996,-0.09054399999999996,-0.09054399999999996,-0.09054399999999996,-0.09054399999999996,-0.09054399999999996,-0.09054399999999996,-0.09054399999999996,-0.09054399999999996,-0.09054399999999996,-0.09054399999999996,-0.09054399999999996
14 LPG Mid,-0.5165879999999998,-0.5165879999999998,-0.5165879999999998,-0.5165879999999998,-0.5165879999999998,-0.5165879999999998,-0.5165879999999998,-0.5165879999999998,-0.5165879999999998,-0.5165879999999998,-0.5165879999999998,-0.5165879999999998,-0.5165879999999998,-0.5165879999999998,-0.5165879999999998,-0.5165879999999998,-0.5165879999999998,-0.5165879999999998,-0.5165879999999998,-0.5165879999999998,-0.5165879999999998,-0.5165879999999998,-0.5165879999999998,-0.5165879999999998,-0.5165879999999998,-0.5165879999999998,-0.5165879999999998,-0.5165879999999998,-0.5165879999999998,-0.5165879999999998,-0.5165879999999998,-0.5165879999999998,-0.5165879999999998,-0.5165879999999998,-0.5165879999999998,-0.5165879999999998,-0.5165879999999998,-0.5165879999999998,-0.5165879999999998,-0.5165879999999998,-0.5165879999999998,-0.5165879999999998,-0.5165879999999998,-0.5165879999999998,-0.5165879999999998,-0.5165879999999998,-0.5165879999999998,-0.5165879999999998,-0.5165879999999998,-0.5165879999999998,-0.5165879999999998,-0.5165879999999998,-0.5165879999999998,-0.5165879999999998,-0.5165879999999998,-0.5165879999999998,-0.5165879999999998,-0.5165879999999998,-0.5165879999999998,-0.5165879999999998,-0.5165879999999998,-0.5165879999999998,-0.5165879999999998,-0.5165879999999998,-0.5165879999999998,-0.5165879999999998,-0.5165879999999998,-0.5165879999999998,-0.5165879999999998,-0.5165879999999998,-0.5165879999999998,-0.5165879999999998,-0.5165879999999998,-0.5165879999999998,-0.5165879999999998,-0.5165879999999998,-0.5165879999999998,-0.5165879999999998,-0.5165879999999998,-0.5165879999999998,-0.5165879999999998,-0.5165879999999998,-0.5165879999999998,-0.5165879999999998,-0.5165879999999998,-0.5165879999999998,-0.5165879999999998
15 LPG Lux,-1.571788,-1.571788,-1.571788,-1.571788,-1.571788,-1.571788,-1.571788,-1.571788,-1.571788,-1.571788,-1.571788,-1.571788,-1.571788,-1.571788,-1.571788,-1.571788,-1.571788,-1.571788,-1.571788,-1.571788,-1.571788,-1.571788,-1.571788,-1.571788,-1.571788,-1.571788,-1.571788,-1.571788,-1.571788,-1.571788,-1.571788,-1.571788,-1.571788,-1.571788,-1.571788,-1.571788,-1.571788,-1.571788,-1.571788,-1.571788,-1.571788,-1.571788,-1.571788,-1.571788,-1.571788,-1.571788,-1.571788,-1.571788,-1.571788,-1.571788,-1.571788,-1.571788,-1.571788,-1.571788,-1.571788,-1.571788,-1.571788,-1.571788,-1.571788,-1.571788,-1.571788,-1.571788,-1.571788,-1.571788,-1.571788,-1.571788,-1.571788,-1.571788,-1.571788,-1.571788,-1.571788,-1.571788,-1.571788,-1.571788,-1.571788,-1.571788,-1.571788,-1.571788,-1.571788,-1.571788,-1.571788,-1.571788,-1.571788,-1.571788,-1.571788,-1.571788,-1.571788
16 Hybrid Econ,-0.2145720000000002,-0.2145720000000002,-0.2145720000000002,-0.2145720000000002,-0.2145720000000002,-0.2145720000000002,-0.2145720000000002,-0.2145720000000002,-0.2145720000000002,-0.2145720000000002,-0.2145720000000002,-0.2145720000000002,-0.2145720000000002,-0.2145720000000002,-0.2145720000000002,-0.2145720000000002,-0.2145720000000002,-0.2145720000000002,-0.2145720000000002,-0.2145720000000002,-0.2145720000000002,-0.2145720000000002,-0.2145720000000002,-0.2145720000000002,-0.2145720000000002,-0.2145720000000002,-0.2145720000000002,-0.2145720000000002,-0.2145720000000002,-0.2145720000000002,-0.2145720000000002,-0.2145720000000002,-0.2145720000000002,-0.2145720000000002,-0.2145720000000002,-0.2145720000000002,-0.2145720000000002,-0.2145720000000002,-0.2145720000000002,-0.2145720000000002,-0.2145720000000002,-0.2145720000000002,-0.2145720000000002,-0.2145720000000002,-0.2145720000000002,-0.2145720000000002,-0.2145720000000002,-0.2145720000000002,-0.2145720000000002,-0.2145720000000002,-0.2145720000000002,-0.2145720000000002,-0.2145720000000002,-0.2145720000000002,-0.2145720000000002,-0.2145720000000002,-0.2145720000000002,-0.2145720000000002,-0.2145720000000002,-0.2145720000000002,-0.2145720000000002,-0.2145720000000002,-0.2145720000000002,-0.2145720000000002,-0.2145720000000002,-0.2145720000000002,-0.2145720000000002,-0.2145720000000002,-0.2145720000000002,-0.2145720000000002,-0.2145720000000002,-0.2145720000000002,-0.2145720000000002,-0.2145720000000002,-0.2145720000000002,-0.2145720000000002,-0.2145720000000002,-0.2145720000000002,-0.2145720000000002,-0.2145720000000002,-0.2145720000000002,-0.2145720000000002,-0.2145720000000002,-0.2145720000000002,-0.2145720000000002,-0.2145720000000002,-0.2145720000000002
17 Hybrid Mid,-0.356588,-0.356588,-0.356588,-0.356588,-0.356588,-0.356588,-0.356588,-0.356588,-0.356588,-0.356588,-0.356588,-0.356588,-0.356588,-0.356588,-0.356588,-0.356588,-0.356588,-0.356588,-0.356588,-0.356588,-0.356588,-0.356588,-0.356588,-0.356588,-0.356588,-0.356588,-0.356588,-0.356588,-0.356588,-0.356588,-0.356588,-0.356588,-0.356588,-0.356588,-0.356588,-0.356588,-0.356588,-0.356588,-0.356588,-0.356588,-0.356588,-0.356588,-0.356588,-0.356588,-0.356588,-0.356588,-0.356588,-0.356588,-0.356588,-0.356588,-0.356588,-0.356588,-0.356588,-0.356588,-0.356588,-0.356588,-0.356588,-0.356588,-0.356588,-0.356588,-0.356588,-0.356588,-0.356588,-0.356588,-0.356588,-0.356588,-0.356588,-0.356588,-0.356588,-0.356588,-0.356588,-0.356588,-0.356588,-0.356588,-0.356588,-0.356588,-0.356588,-0.356588,-0.356588,-0.356588,-0.356588,-0.356588,-0.356588,-0.356588,-0.356588,-0.356588,-0.356588
18 Hybrid Lux,-1.119688,-1.119688,-1.119688,-1.119688,-1.119688,-1.119688,-1.119688,-1.119688,-1.119688,-1.119688,-1.119688,-1.119688,-1.119688,-1.119688,-1.119688,-1.119688,-1.119688,-1.119688,-1.119688,-1.119688,-1.119688,-1.119688,-1.119688,-1.119688,-1.119688,-1.119688,-1.119688,-1.119688,-1.119688,-1.119688,-1.119688,-1.119688,-1.119688,-1.119688,-1.119688,-1.119688,-1.119688,-1.119688,-1.119688,-1.119688,-1.119688,-1.119688,-1.119688,-1.119688,-1.119688,-1.119688,-1.119688,-1.119688,-1.119688,-1.119688,-1.119688,-1.119688,-1.119688,-1.119688,-1.119688,-1.119688,-1.119688,-1.119688,-1.119688,-1.119688,-1.119688,-1.119688,-1.119688,-1.119688,-1.119688,-1.119688,-1.119688,-1.119688,-1.119688,-1.119688,-1.119688,-1.119688,-1.119688,-1.119688,-1.119688,-1.119688,-1.119688,-1.119688,-1.119688,-1.119688,-1.119688,-1.119688,-1.119688,-1.119688,-1.119688,-1.119688,-1.119688
19 Electric Econ,0.0,0.0,0.0,0.0,0.0,0.0,0.0,0.0,0.0,0.0,0.0,0.0,0.0,0.0,0.0,0.0,0.0,0.0,0.0,0.0,0.0,0.0,0.0,0.0,0.0,0.0,0.0,0.0,0.0,0.0,0.0,0.0,0.0,0.0,0.0,0.0,0.0,0.0,0.0,0.0,0.0,0.0,0.0,0.0,0.0,0.0,0.0,0.0,0.0,0.0,0.0,0.0,0.0,0.0,0.0,0.0,0.0,0.0,0.0,0.0,0.0,0.0,0.0,0.0,0.0,0.0,0.0,0.0,0.0,0.0,0.0,0.0,0.0,0.0,0.0,0.0,0.0,0.0,0.0,0.0,0.0,0.0,0.0,0.0,0.0,0.0,0.0
20 Electric Mid,0.0,0.0,0.0,0.0,0.0,0.0,0.0,0.0,0.0,0.0,0.0,0.0,0.0,0.0,0.0,0.0,0.0,0.0,0.0,0.0,0.0,0.0,0.0,0.0,0.0,0.0,0.0,0.0,0.0,0.0,0.0,0.0,0.0,0.0,0.0,0.0,0.0,0.0,0.0,0.0,0.0,0.0,0.0,0.0,0.0,0.0,0.0,0.0,0.0,0.0,0.0,0.0,0.0,0.0,0.0,0.0,0.0,0.0,0.0,0.0,0.0,0.0,0.0,0.0,0.0,0.0,0.0,0.0,0.0,0.0,0.0,0.0,0.0,0.0,0.0,0.0,0.0,0.0,0.0,0.0,0.0,0.0,0.0,0.0,0.0,0.0,0.0
21 Electric Lux,0.0,0.0,0.0,0.0,0.0,0.0,0.0,0.0,0.0,0.0,0.0,0.0,0.0,0.0,0.0,0.0,0.0,0.0,0.0,0.0,0.0,0.0,0.0,0.0,0.0,0.0,0.0,0.0,0.0,0.0,0.0,0.0,0.0,0.0,0.0,0.0,0.0,0.0,0.0,0.0,0.0,0.0,0.0,0.0,0.0,0.0,0.0,0.0,0.0,0.0,0.0,0.0,0.0,0.0,0.0,0.0,0.0,0.0,0.0,0.0,0.0,0.0,0.0,0.0,0.0,0.0,0.0,0.0,0.0,0.0,0.0,0.0,0.0,0.0,0.0,0.0,0.0,0.0,0.0,0.0,0.0,0.0,0.0,0.0,0.0,0.0,0.0
22 motorcycles Econ,0.945732,0.945732,0.945732,0.945732,0.945732,0.945732,0.945732,0.945732,0.945732,0.945732,0.945732,0.945732,0.945732,0.945732,0.945732,0.945732,0.945732,0.945732,0.945732,0.945732,0.945732,0.945732,0.945732,0.945732,0.945732,0.945732,0.945732,0.945732,0.945732,0.945732,0.945732,0.945732,0.945732,0.945732,0.945732,0.945732,0.945732,0.945732,0.945732,0.945732,0.945732,0.945732,0.945732,0.945732,0.945732,0.945732,0.945732,0.945732,0.945732,0.945732,0.945732,0.945732,0.945732,0.945732,0.945732,0.945732,0.945732,0.945732,0.945732,0.945732,0.945732,0.945732,0.945732,0.945732,0.945732,0.945732,0.945732,0.945732,0.945732,0.945732,0.945732,0.945732,0.945732,0.945732,0.945732,0.945732,0.945732,0.945732,0.945732,0.945732,0.945732,0.945732,0.945732,0.945732,0.945732,0.945732,0.945732
23 motorcycles Lux,-0.3200000000000001,-0.3200000000000001,-0.3200000000000001,-0.3200000000000001,-0.3200000000000001,-0.3200000000000001,-0.3200000000000001,-0.3200000000000001,-0.3200000000000001,-0.3200000000000001,-0.3200000000000001,-0.3200000000000001,-0.3200000000000001,-0.3200000000000001,-0.3200000000000001,-0.3200000000000001,-0.3200000000000001,-0.3200000000000001,-0.3200000000000001,-0.3200000000000001,-0.3200000000000001,-0.3200000000000001,-0.3200000000000001,-0.3200000000000001,-0.3200000000000001,-0.3200000000000001,-0.3200000000000001,-0.3200000000000001,-0.3200000000000001,-0.3200000000000001,-0.3200000000000001,-0.3200000000000001,-0.3200000000000001,-0.3200000000000001,-0.3200000000000001,-0.3200000000000001,-0.3200000000000001,-0.3200000000000001,-0.3200000000000001,-0.3200000000000001,-0.3200000000000001,-0.3200000000000001,-0.3200000000000001,-0.3200000000000001,-0.3200000000000001,-0.3200000000000001,-0.3200000000000001,-0.3200000000000001,-0.3200000000000001,-0.3200000000000001,-0.3200000000000001,-0.3200000000000001,-0.3200000000000001,-0.3200000000000001,-0.3200000000000001,-0.3200000000000001,-0.3200000000000001,-0.3200000000000001,-0.3200000000000001,-0.3200000000000001,-0.3200000000000001,-0.3200000000000001,-0.3200000000000001,-0.3200000000000001,-0.3200000000000001,-0.3200000000000001,-0.3200000000000001,-0.3200000000000001,-0.3200000000000001,-0.3200000000000001,-0.3200000000000001,-0.3200000000000001,-0.3200000000000001,-0.3200000000000001,-0.3200000000000001,-0.3200000000000001,-0.3200000000000001,-0.3200000000000001,-0.3200000000000001,-0.3200000000000001,-0.3200000000000001,-0.3200000000000001,-0.3200000000000001,-0.3200000000000001,-0.3200000000000001,-0.3200000000000001,-0.3200000000000001
24 Adv motorcycles Econ,0.945732,0.945732,0.945732,0.945732,0.945732,0.945732,0.945732,0.945732,0.945732,0.945732,0.945732,0.945732,0.945732,0.945732,0.945732,0.945732,0.945732,0.945732,0.945732,0.945732,0.945732,0.945732,0.945732,0.945732,0.945732,0.945732,0.945732,0.945732,0.945732,0.945732,0.945732,0.945732,0.945732,0.945732,0.945732,0.945732,0.945732,0.945732,0.945732,0.945732,0.945732,0.945732,0.945732,0.945732,0.945732,0.945732,0.945732,0.945732,0.945732,0.945732,0.945732,0.945732,0.945732,0.945732,0.945732,0.945732,0.945732,0.945732,0.945732,0.945732,0.945732,0.945732,0.945732,0.945732,0.945732,0.945732,0.945732,0.945732,0.945732,0.945732,0.945732,0.945732,0.945732,0.945732,0.945732,0.945732,0.945732,0.945732,0.945732,0.945732,0.945732,0.945732,0.945732,0.945732,0.945732,0.945732,0.945732
25 Adv motorcycles Lux,-0.3200000000000001,-0.3200000000000001,-0.3200000000000001,-0.3200000000000001,-0.3200000000000001,-0.3200000000000001,-0.3200000000000001,-0.3200000000000001,-0.3200000000000001,-0.3200000000000001,-0.3200000000000001,-0.3200000000000001,-0.3200000000000001,-0.3200000000000001,-0.3200000000000001,-0.3200000000000001,-0.3200000000000001,-0.3200000000000001,-0.3200000000000001,-0.3200000000000001,-0.3200000000000001,-0.3200000000000001,-0.3200000000000001,-0.3200000000000001,-0.3200000000000001,-0.3200000000000001,-0.3200000000000001,-0.3200000000000001,-0.3200000000000001,-0.3200000000000001,-0.3200000000000001,-0.3200000000000001,-0.3200000000000001,-0.3200000000000001,-0.3200000000000001,-0.3200000000000001,-0.3200000000000001,-0.3200000000000001,-0.3200000000000001,-0.3200000000000001,-0.3200000000000001,-0.3200000000000001,-0.3200000000000001,-0.3200000000000001,-0.3200000000000001,-0.3200000000000001,-0.3200000000000001,-0.3200000000000001,-0.3200000000000001,-0.3200000000000001,-0.3200000000000001,-0.3200000000000001,-0.3200000000000001,-0.3200000000000001,-0.3200000000000001,-0.3200000000000001,-0.3200000000000001,-0.3200000000000001,-0.3200000000000001,-0.3200000000000001,-0.3200000000000001,-0.3200000000000001,-0.3200000000000001,-0.3200000000000001,-0.3200000000000001,-0.3200000000000001,-0.3200000000000001,-0.3200000000000001,-0.3200000000000001,-0.3200000000000001,-0.3200000000000001,-0.3200000000000001,-0.3200000000000001,-0.3200000000000001,-0.3200000000000001,-0.3200000000000001,-0.3200000000000001,-0.3200000000000001,-0.3200000000000001,-0.3200000000000001,-0.3200000000000001,-0.3200000000000001,-0.3200000000000001,-0.3200000000000001,-0.3200000000000001,-0.3200000000000001,-0.3200000000000001
